Help on module mathconstants:

NAME
    mathconstants

DESCRIPTION
    Math Constants
    Provides PI, E, PHI, LOG_PI, and more constants

DATA
    ARCHIMEDES_CONSTANT = 3.141592653589793
    ARTIN_CONSTANT = 0.37395581361920227
    ATOMIC_UNIT_OF_CHARGE = 1.602176565e-19
    ATOMIC_UNIT_OF_CURRENT = 0.00662361795
    ATOMIC_UNIT_OF_FORCE = 8.23872278e-08
    AVOGADRO_CONSTANT = 6.02214179e+23
    BERNSTEINS_CONSTANT = 5.2917721092e-11
    BOHR_RADIUS = 0.2801694990238691
    BOLTZMANN_CONSTANT = 1.3806488e-23
    CHAMPERNOWNE_CONSTANT = 0.12345678910111213
    CHEBYSHEV_CONSTANT = 0.5901702995080481
    COMPTON_WAVELENGTH = 2.4263102389e-12
    DEG2RAD = 0.017453292519943295
    DELIAN_CONSTANT = 1.2599210498948732
    DEUTERON_G_FACTOR = 0.8574382308
    DEUTERON_MASS = 3.34358348e-27
    DEUTERON_MOLAR_MASS = 0.00201355321271
    DOUBLE_FACTORIAL_CONSTANT = 3.059407405342576
    E = 2.718281828459045
    ELECTRON_G_FACTOR = -2.00231930436
    ELECTRON_MASS = 9.10938291e-31
    ELECTRON_MUON_MASS_RATIO = 0.00483633166
    ELECTRON_NEUTRON_MAGNETIC_MOMENT_RATIO = 960.9205
    ELECTRON_VOLT = 1.602176565e-19
    ERFC_CONTFRAC_CUTOFF = 30.0
    ERFC_CONTFRAC_TERMS = 50.0
    ERF_SERIES_CUTOFF = 1.5
    ERF_SERIES_TERMS = 25.0
    EULERS_CONSTANT = 0.5772156649015329
    EULERS_NUMBER = 2.718281828459045
    EXPONENTIAL_FACTORIAL_CONSTANT = 1.6111149258083768
    GOLDEN_ANGLE = 2.3999632297286535
    GOLDEN_RATIO = 1.618033988749895
    HYPERBOLIC_TANGENT_OF_1 = 0.7615941559557649
    INVERSE_E = 0.36787944117144233
    INVERSE_PI = 0.3183098861837907
    I_SQUARED = -1
    LN2 = 0.6931471805599453
    LN_E = 1.0
    LOG10_E = 0.4342944819032518
    LOG10_PI = 0.49714987269413385
    LOG_E = 1.0
    LOG_PI = 1.1447298858494002
    MURATA_CONSTANT = 2.8264199970675916
    OMEGA = 0.5671432904097838
    PARIS_CONSTANT = 1.0986419643941565
    PHI = 1.618033988749895
    PI = 3.141592653589793
    PI2 = 6.283185307179586
    PI4 = 12.566370614359172
    PI_1_3 = 1.0471975511965979
    PI_2_3 = 2.0943951023931957
    PI_4_3 = 4.188790204786391
    PI_SQUARED = 9.869604401089358
    PI_SQUARED_1_4 = 2.4674011002723395
    PI_SYM = 'π'
    PYTHAGORAS_CONSTANT = 1.4142135623730951
    RAD2DEG = 57.29577951308232
    RIGHT_ANGLE_DEG = 90.0
    SALEM_NUMBER = 1.1762808182599176
    SQRT_10 = 3.1622776601683795
    SQRT_11 = 3.3166247903554
    SQRT_12 = 3.4641016151377544
    SQRT_13 = 3.605551275463989
    SQRT_14 = 3.7416573867739413
    SQRT_15 = 3.872983346207417
    SQRT_16 = 4.0
    SQRT_17 = 4.123105625617661
    SQRT_19 = 4.358898943540674
    SQRT_2 = 1.4142135623730951
    SQRT_20 = 4.47213595499958
    SQRT_21 = 4.58257569495584
    SQRT_22 = 4.69041575982343
    SQRT_23 = 4.795831523312719
    SQRT_24 = 4.898979485566356
    SQRT_3 = 1.7320508075688772
    SQRT_3_DIV_4 = 0.4330127018922193
    SQRT_5 = 2.23606797749979
    SQRT_6 = 2.449489742783178
    SQRT_7 = 2.6457513110645907
    SQRT_8 = 2.8284271247461903
    SQRT_E = 1.6487212707001282
    SQRT_PI = 1.772453850905516
    TAN_E = -0.4505495340698075
    TAN_PI = 0.0
    TWIN_PRIMES_CONSTANT = 0.6601618158468696
    VARDI_CONSTANT = 1.264084735305301
    ZERO = 0.0

FILE
    /media/collier/PROGRAMMING/PROJECTS/PyBooster/pybooster/mathconstants.cpython-34m.so


